{
 "cells": [
  {
   "cell_type": "code",
   "execution_count": 6,
   "metadata": {},
   "outputs": [],
   "source": [
    "import pandas as pd\n",
    "import matplotlib.pyplot as plt\n",
    "import plotly.graph_objects as go\n",
    "import plotly.express as px\n",
    "\n",
    "\n",
    "%matplotlib inline\n",
    "\n",
    "# Load the Dataset and generate statistics for each feature"
   ]
  },
  {
   "cell_type": "markdown",
   "metadata": {},
   "source": [
    "In the exploratory analysis below, I explore the wine quality dataset using the plotly and plotly express libraries. All referenced code precedes the modified code."
   ]
  },
  {
   "cell_type": "code",
   "execution_count": 7,
   "metadata": {},
   "outputs": [
    {
     "data": {
      "text/html": [
       "<div>\n",
       "<style scoped>\n",
       "    .dataframe tbody tr th:only-of-type {\n",
       "        vertical-align: middle;\n",
       "    }\n",
       "\n",
       "    .dataframe tbody tr th {\n",
       "        vertical-align: top;\n",
       "    }\n",
       "\n",
       "    .dataframe thead th {\n",
       "        text-align: right;\n",
       "    }\n",
       "</style>\n",
       "<table border=\"1\" class=\"dataframe\">\n",
       "  <thead>\n",
       "    <tr style=\"text-align: right;\">\n",
       "      <th></th>\n",
       "      <th>fixed acidity</th>\n",
       "      <th>volatile acidity</th>\n",
       "      <th>citric acid</th>\n",
       "      <th>residual sugar</th>\n",
       "      <th>chlorides</th>\n",
       "      <th>free sulfur dioxide</th>\n",
       "      <th>total sulfur dioxide</th>\n",
       "      <th>density</th>\n",
       "      <th>pH</th>\n",
       "      <th>sulphates</th>\n",
       "      <th>alcohol</th>\n",
       "      <th>quality</th>\n",
       "    </tr>\n",
       "  </thead>\n",
       "  <tbody>\n",
       "    <tr>\n",
       "      <th>count</th>\n",
       "      <td>1599.000000</td>\n",
       "      <td>1599.000000</td>\n",
       "      <td>1599.000000</td>\n",
       "      <td>1599.000000</td>\n",
       "      <td>1599.000000</td>\n",
       "      <td>1599.000000</td>\n",
       "      <td>1599.000000</td>\n",
       "      <td>1599.000000</td>\n",
       "      <td>1599.000000</td>\n",
       "      <td>1599.000000</td>\n",
       "      <td>1599.000000</td>\n",
       "      <td>1599.000000</td>\n",
       "    </tr>\n",
       "    <tr>\n",
       "      <th>mean</th>\n",
       "      <td>8.319637</td>\n",
       "      <td>0.527821</td>\n",
       "      <td>0.270976</td>\n",
       "      <td>2.538806</td>\n",
       "      <td>0.087467</td>\n",
       "      <td>15.874922</td>\n",
       "      <td>46.467792</td>\n",
       "      <td>0.996747</td>\n",
       "      <td>3.311113</td>\n",
       "      <td>0.658149</td>\n",
       "      <td>10.422983</td>\n",
       "      <td>5.636023</td>\n",
       "    </tr>\n",
       "    <tr>\n",
       "      <th>std</th>\n",
       "      <td>1.741096</td>\n",
       "      <td>0.179060</td>\n",
       "      <td>0.194801</td>\n",
       "      <td>1.409928</td>\n",
       "      <td>0.047065</td>\n",
       "      <td>10.460157</td>\n",
       "      <td>32.895324</td>\n",
       "      <td>0.001887</td>\n",
       "      <td>0.154386</td>\n",
       "      <td>0.169507</td>\n",
       "      <td>1.065668</td>\n",
       "      <td>0.807569</td>\n",
       "    </tr>\n",
       "    <tr>\n",
       "      <th>min</th>\n",
       "      <td>4.600000</td>\n",
       "      <td>0.120000</td>\n",
       "      <td>0.000000</td>\n",
       "      <td>0.900000</td>\n",
       "      <td>0.012000</td>\n",
       "      <td>1.000000</td>\n",
       "      <td>6.000000</td>\n",
       "      <td>0.990070</td>\n",
       "      <td>2.740000</td>\n",
       "      <td>0.330000</td>\n",
       "      <td>8.400000</td>\n",
       "      <td>3.000000</td>\n",
       "    </tr>\n",
       "    <tr>\n",
       "      <th>25%</th>\n",
       "      <td>7.100000</td>\n",
       "      <td>0.390000</td>\n",
       "      <td>0.090000</td>\n",
       "      <td>1.900000</td>\n",
       "      <td>0.070000</td>\n",
       "      <td>7.000000</td>\n",
       "      <td>22.000000</td>\n",
       "      <td>0.995600</td>\n",
       "      <td>3.210000</td>\n",
       "      <td>0.550000</td>\n",
       "      <td>9.500000</td>\n",
       "      <td>5.000000</td>\n",
       "    </tr>\n",
       "    <tr>\n",
       "      <th>50%</th>\n",
       "      <td>7.900000</td>\n",
       "      <td>0.520000</td>\n",
       "      <td>0.260000</td>\n",
       "      <td>2.200000</td>\n",
       "      <td>0.079000</td>\n",
       "      <td>14.000000</td>\n",
       "      <td>38.000000</td>\n",
       "      <td>0.996750</td>\n",
       "      <td>3.310000</td>\n",
       "      <td>0.620000</td>\n",
       "      <td>10.200000</td>\n",
       "      <td>6.000000</td>\n",
       "    </tr>\n",
       "    <tr>\n",
       "      <th>75%</th>\n",
       "      <td>9.200000</td>\n",
       "      <td>0.640000</td>\n",
       "      <td>0.420000</td>\n",
       "      <td>2.600000</td>\n",
       "      <td>0.090000</td>\n",
       "      <td>21.000000</td>\n",
       "      <td>62.000000</td>\n",
       "      <td>0.997835</td>\n",
       "      <td>3.400000</td>\n",
       "      <td>0.730000</td>\n",
       "      <td>11.100000</td>\n",
       "      <td>6.000000</td>\n",
       "    </tr>\n",
       "    <tr>\n",
       "      <th>max</th>\n",
       "      <td>15.900000</td>\n",
       "      <td>1.580000</td>\n",
       "      <td>1.000000</td>\n",
       "      <td>15.500000</td>\n",
       "      <td>0.611000</td>\n",
       "      <td>72.000000</td>\n",
       "      <td>289.000000</td>\n",
       "      <td>1.003690</td>\n",
       "      <td>4.010000</td>\n",
       "      <td>2.000000</td>\n",
       "      <td>14.900000</td>\n",
       "      <td>8.000000</td>\n",
       "    </tr>\n",
       "  </tbody>\n",
       "</table>\n",
       "</div>"
      ],
      "text/plain": [
       "       fixed acidity  volatile acidity  citric acid  residual sugar  \\\n",
       "count    1599.000000       1599.000000  1599.000000     1599.000000   \n",
       "mean        8.319637          0.527821     0.270976        2.538806   \n",
       "std         1.741096          0.179060     0.194801        1.409928   \n",
       "min         4.600000          0.120000     0.000000        0.900000   \n",
       "25%         7.100000          0.390000     0.090000        1.900000   \n",
       "50%         7.900000          0.520000     0.260000        2.200000   \n",
       "75%         9.200000          0.640000     0.420000        2.600000   \n",
       "max        15.900000          1.580000     1.000000       15.500000   \n",
       "\n",
       "         chlorides  free sulfur dioxide  total sulfur dioxide      density  \\\n",
       "count  1599.000000          1599.000000           1599.000000  1599.000000   \n",
       "mean      0.087467            15.874922             46.467792     0.996747   \n",
       "std       0.047065            10.460157             32.895324     0.001887   \n",
       "min       0.012000             1.000000              6.000000     0.990070   \n",
       "25%       0.070000             7.000000             22.000000     0.995600   \n",
       "50%       0.079000            14.000000             38.000000     0.996750   \n",
       "75%       0.090000            21.000000             62.000000     0.997835   \n",
       "max       0.611000            72.000000            289.000000     1.003690   \n",
       "\n",
       "                pH    sulphates      alcohol      quality  \n",
       "count  1599.000000  1599.000000  1599.000000  1599.000000  \n",
       "mean      3.311113     0.658149    10.422983     5.636023  \n",
       "std       0.154386     0.169507     1.065668     0.807569  \n",
       "min       2.740000     0.330000     8.400000     3.000000  \n",
       "25%       3.210000     0.550000     9.500000     5.000000  \n",
       "50%       3.310000     0.620000    10.200000     6.000000  \n",
       "75%       3.400000     0.730000    11.100000     6.000000  \n",
       "max       4.010000     2.000000    14.900000     8.000000  "
      ]
     },
     "execution_count": 7,
     "metadata": {},
     "output_type": "execute_result"
    }
   ],
   "source": [
    "df = pd.read_csv(\"winequality-red.csv\",sep=\";\")\n",
    "df.describe()"
   ]
  },
  {
   "cell_type": "markdown",
   "metadata": {},
   "source": [
    "Referenced Code for Correlation Matrix:\n",
    "\n",
    "data=[[1, 25, 30, 50, 1],\n",
    "      [20, 1, 60, 80, 30],\n",
    "      [30, 60, 1, 5, 20]]\n",
    "      \n",
    "fig = px.imshow(data,\n",
    "                labels=dict(x=\"Day of Week\", y=\"Time of Day\", color=\"Productivity\"),\n",
    "                x=['Monday', 'Tuesday', 'Wednesday', 'Thursday', 'Friday'],\n",
    "                y=['Morning', 'Afternoon', 'Evening']\n",
    "               )\n",
    "fig.update_xaxes(side=\"top\")\n",
    "fig.show()\n",
    "\n",
    "Modifications made to code:\n",
    "- specified new color scale \n",
    "- added title to graph and positioned graph title "
   ]
  },
  {
   "cell_type": "code",
   "execution_count": 8,
   "metadata": {},
   "outputs": [
    {
     "name": "stderr",
     "output_type": "stream",
     "text": [
      "/Users/nehatripathi/anaconda3/lib/python3.6/site-packages/ipykernel_launcher.py:6: FutureWarning:\n",
      "\n",
      "Method .as_matrix will be removed in a future version. Use .values instead.\n",
      "\n"
     ]
    },
    {
     "data": {
      "application/vnd.plotly.v1+json": {
       "config": {
        "plotlyServerURL": "https://plot.ly"
       },
       "data": [
        {
         "coloraxis": "coloraxis",
         "hovertemplate": "x: %{x}<br>y: %{y}<br>Correlation: %{z}<extra></extra>",
         "type": "heatmap",
         "x": [
          "fixed acidity",
          "volatile acidity",
          "citric acid",
          "residual sugar",
          "chlorides",
          "free sulfur dioxide",
          "total sulfur dioxide",
          "density",
          "pH",
          "sulphates",
          "alcohol",
          "quality"
         ],
         "y": [
          "fixed acidity",
          "volatile acidity",
          "citric acid",
          "residual sugar",
          "chlorides",
          "free sulfur dioxide",
          "total sulfur dioxide",
          "density",
          "pH",
          "sulphates",
          "alcohol",
          "quality"
         ],
         "z": [
          [
           1,
           -0.2561308947703819,
           0.6717034347641041,
           0.1147767244949209,
           0.093705186321305,
           -0.15379419286482485,
           -0.11318144304548039,
           0.6680472921189711,
           -0.6829781945685299,
           0.18300566393215348,
           -0.06166827062815111,
           0.1240516491132247
          ],
          [
           -0.2561308947703819,
           1,
           -0.5524956845595839,
           0.001917881962790698,
           0.06129777247646159,
           -0.010503827006591856,
           0.07647000482092836,
           0.02202623219521656,
           0.23493729440739436,
           -0.26098668528329055,
           -0.20228802715325686,
           -0.3905577802640094
          ],
          [
           0.6717034347641041,
           -0.5524956845595839,
           1,
           0.14357716157031483,
           0.20382291382904255,
           -0.06097812919230497,
           0.035533023931161666,
           0.3649471752112531,
           -0.5419041447395132,
           0.31277004385441737,
           0.10990324664156755,
           0.2263725143180432
          ],
          [
           0.1147767244949209,
           0.001917881962790698,
           0.14357716157031483,
           1,
           0.05560953520353216,
           0.18704899510428666,
           0.2030278816971015,
           0.3552833709833765,
           -0.08565242221887161,
           0.005527121339138363,
           0.04207543720973116,
           0.013731637340066346
          ],
          [
           0.093705186321305,
           0.06129777247646159,
           0.20382291382904255,
           0.05560953520353216,
           1,
           0.005562147004781088,
           0.047400468259075325,
           0.20063232664151315,
           -0.2650261311732278,
           0.37126048128542705,
           -0.22114054478828302,
           -0.12890655993005312
          ],
          [
           -0.15379419286482485,
           -0.010503827006591856,
           -0.06097812919230497,
           0.18704899510428666,
           0.005562147004781088,
           1,
           0.6676664504810212,
           -0.021945831163490016,
           0.07037749850494217,
           0.051657571842828584,
           -0.06940835356499997,
           -0.05065605724427643
          ],
          [
           -0.11318144304548039,
           0.07647000482092836,
           0.035533023931161666,
           0.2030278816971015,
           0.047400468259075325,
           0.6676664504810212,
           1,
           0.07126947620310314,
           -0.06649455901285606,
           0.04294683623953844,
           -0.20565394374367177,
           -0.18510028892653843
          ],
          [
           0.6680472921189711,
           0.02202623219521656,
           0.3649471752112531,
           0.3552833709833765,
           0.20063232664151315,
           -0.021945831163490016,
           0.07126947620310314,
           1,
           -0.34169933478503156,
           0.1485064117207851,
           -0.49617977024170085,
           -0.17491922778335006
          ],
          [
           -0.6829781945685299,
           0.23493729440739436,
           -0.5419041447395132,
           -0.08565242221887161,
           -0.2650261311732278,
           0.07037749850494217,
           -0.06649455901285606,
           -0.34169933478503156,
           1,
           -0.1966476023043703,
           0.20563250850549894,
           -0.0577313912053823
          ],
          [
           0.18300566393215348,
           -0.26098668528329055,
           0.31277004385441737,
           0.005527121339138363,
           0.37126048128542705,
           0.051657571842828584,
           0.04294683623953844,
           0.1485064117207851,
           -0.1966476023043703,
           1,
           0.09359475041046762,
           0.25139707906926206
          ],
          [
           -0.06166827062815111,
           -0.20228802715325686,
           0.10990324664156755,
           0.04207543720973116,
           -0.22114054478828302,
           -0.06940835356499997,
           -0.20565394374367177,
           -0.49617977024170085,
           0.20563250850549894,
           0.09359475041046762,
           1,
           0.47616632400114156
          ],
          [
           0.1240516491132247,
           -0.3905577802640094,
           0.2263725143180432,
           0.013731637340066346,
           -0.12890655993005312,
           -0.05065605724427643,
           -0.18510028892653843,
           -0.17491922778335006,
           -0.0577313912053823,
           0.25139707906926206,
           0.47616632400114156,
           1
          ]
         ]
        }
       ],
       "layout": {
        "coloraxis": {
         "colorbar": {
          "title": {
           "text": "Correlation"
          }
         },
         "colorscale": [
          [
           0,
           "#0d0887"
          ],
          [
           0.1111111111111111,
           "#46039f"
          ],
          [
           0.2222222222222222,
           "#7201a8"
          ],
          [
           0.3333333333333333,
           "#9c179e"
          ],
          [
           0.4444444444444444,
           "#bd3786"
          ],
          [
           0.5555555555555556,
           "#d8576b"
          ],
          [
           0.6666666666666666,
           "#ed7953"
          ],
          [
           0.7777777777777778,
           "#fb9f3a"
          ],
          [
           0.8888888888888888,
           "#fdca26"
          ],
          [
           1,
           "#f0f921"
          ]
         ]
        },
        "margin": {
         "t": 60
        },
        "template": {
         "data": {
          "bar": [
           {
            "error_x": {
             "color": "#2a3f5f"
            },
            "error_y": {
             "color": "#2a3f5f"
            },
            "marker": {
             "line": {
              "color": "#E5ECF6",
              "width": 0.5
             }
            },
            "type": "bar"
           }
          ],
          "barpolar": [
           {
            "marker": {
             "line": {
              "color": "#E5ECF6",
              "width": 0.5
             }
            },
            "type": "barpolar"
           }
          ],
          "carpet": [
           {
            "aaxis": {
             "endlinecolor": "#2a3f5f",
             "gridcolor": "white",
             "linecolor": "white",
             "minorgridcolor": "white",
             "startlinecolor": "#2a3f5f"
            },
            "baxis": {
             "endlinecolor": "#2a3f5f",
             "gridcolor": "white",
             "linecolor": "white",
             "minorgridcolor": "white",
             "startlinecolor": "#2a3f5f"
            },
            "type": "carpet"
           }
          ],
          "choropleth": [
           {
            "colorbar": {
             "outlinewidth": 0,
             "ticks": ""
            },
            "type": "choropleth"
           }
          ],
          "contour": [
           {
            "colorbar": {
             "outlinewidth": 0,
             "ticks": ""
            },
            "colorscale": [
             [
              0,
              "#0d0887"
             ],
             [
              0.1111111111111111,
              "#46039f"
             ],
             [
              0.2222222222222222,
              "#7201a8"
             ],
             [
              0.3333333333333333,
              "#9c179e"
             ],
             [
              0.4444444444444444,
              "#bd3786"
             ],
             [
              0.5555555555555556,
              "#d8576b"
             ],
             [
              0.6666666666666666,
              "#ed7953"
             ],
             [
              0.7777777777777778,
              "#fb9f3a"
             ],
             [
              0.8888888888888888,
              "#fdca26"
             ],
             [
              1,
              "#f0f921"
             ]
            ],
            "type": "contour"
           }
          ],
          "contourcarpet": [
           {
            "colorbar": {
             "outlinewidth": 0,
             "ticks": ""
            },
            "type": "contourcarpet"
           }
          ],
          "heatmap": [
           {
            "colorbar": {
             "outlinewidth": 0,
             "ticks": ""
            },
            "colorscale": [
             [
              0,
              "#0d0887"
             ],
             [
              0.1111111111111111,
              "#46039f"
             ],
             [
              0.2222222222222222,
              "#7201a8"
             ],
             [
              0.3333333333333333,
              "#9c179e"
             ],
             [
              0.4444444444444444,
              "#bd3786"
             ],
             [
              0.5555555555555556,
              "#d8576b"
             ],
             [
              0.6666666666666666,
              "#ed7953"
             ],
             [
              0.7777777777777778,
              "#fb9f3a"
             ],
             [
              0.8888888888888888,
              "#fdca26"
             ],
             [
              1,
              "#f0f921"
             ]
            ],
            "type": "heatmap"
           }
          ],
          "heatmapgl": [
           {
            "colorbar": {
             "outlinewidth": 0,
             "ticks": ""
            },
            "colorscale": [
             [
              0,
              "#0d0887"
             ],
             [
              0.1111111111111111,
              "#46039f"
             ],
             [
              0.2222222222222222,
              "#7201a8"
             ],
             [
              0.3333333333333333,
              "#9c179e"
             ],
             [
              0.4444444444444444,
              "#bd3786"
             ],
             [
              0.5555555555555556,
              "#d8576b"
             ],
             [
              0.6666666666666666,
              "#ed7953"
             ],
             [
              0.7777777777777778,
              "#fb9f3a"
             ],
             [
              0.8888888888888888,
              "#fdca26"
             ],
             [
              1,
              "#f0f921"
             ]
            ],
            "type": "heatmapgl"
           }
          ],
          "histogram": [
           {
            "marker": {
             "colorbar": {
              "outlinewidth": 0,
              "ticks": ""
             }
            },
            "type": "histogram"
           }
          ],
          "histogram2d": [
           {
            "colorbar": {
             "outlinewidth": 0,
             "ticks": ""
            },
            "colorscale": [
             [
              0,
              "#0d0887"
             ],
             [
              0.1111111111111111,
              "#46039f"
             ],
             [
              0.2222222222222222,
              "#7201a8"
             ],
             [
              0.3333333333333333,
              "#9c179e"
             ],
             [
              0.4444444444444444,
              "#bd3786"
             ],
             [
              0.5555555555555556,
              "#d8576b"
             ],
             [
              0.6666666666666666,
              "#ed7953"
             ],
             [
              0.7777777777777778,
              "#fb9f3a"
             ],
             [
              0.8888888888888888,
              "#fdca26"
             ],
             [
              1,
              "#f0f921"
             ]
            ],
            "type": "histogram2d"
           }
          ],
          "histogram2dcontour": [
           {
            "colorbar": {
             "outlinewidth": 0,
             "ticks": ""
            },
            "colorscale": [
             [
              0,
              "#0d0887"
             ],
             [
              0.1111111111111111,
              "#46039f"
             ],
             [
              0.2222222222222222,
              "#7201a8"
             ],
             [
              0.3333333333333333,
              "#9c179e"
             ],
             [
              0.4444444444444444,
              "#bd3786"
             ],
             [
              0.5555555555555556,
              "#d8576b"
             ],
             [
              0.6666666666666666,
              "#ed7953"
             ],
             [
              0.7777777777777778,
              "#fb9f3a"
             ],
             [
              0.8888888888888888,
              "#fdca26"
             ],
             [
              1,
              "#f0f921"
             ]
            ],
            "type": "histogram2dcontour"
           }
          ],
          "mesh3d": [
           {
            "colorbar": {
             "outlinewidth": 0,
             "ticks": ""
            },
            "type": "mesh3d"
           }
          ],
          "parcoords": [
           {
            "line": {
             "colorbar": {
              "outlinewidth": 0,
              "ticks": ""
             }
            },
            "type": "parcoords"
           }
          ],
          "pie": [
           {
            "automargin": true,
            "type": "pie"
           }
          ],
          "scatter": [
           {
            "marker": {
             "colorbar": {
              "outlinewidth": 0,
              "ticks": ""
             }
            },
            "type": "scatter"
           }
          ],
          "scatter3d": [
           {
            "line": {
             "colorbar": {
              "outlinewidth": 0,
              "ticks": ""
             }
            },
            "marker": {
             "colorbar": {
              "outlinewidth": 0,
              "ticks": ""
             }
            },
            "type": "scatter3d"
           }
          ],
          "scattercarpet": [
           {
            "marker": {
             "colorbar": {
              "outlinewidth": 0,
              "ticks": ""
             }
            },
            "type": "scattercarpet"
           }
          ],
          "scattergeo": [
           {
            "marker": {
             "colorbar": {
              "outlinewidth": 0,
              "ticks": ""
             }
            },
            "type": "scattergeo"
           }
          ],
          "scattergl": [
           {
            "marker": {
             "colorbar": {
              "outlinewidth": 0,
              "ticks": ""
             }
            },
            "type": "scattergl"
           }
          ],
          "scattermapbox": [
           {
            "marker": {
             "colorbar": {
              "outlinewidth": 0,
              "ticks": ""
             }
            },
            "type": "scattermapbox"
           }
          ],
          "scatterpolar": [
           {
            "marker": {
             "colorbar": {
              "outlinewidth": 0,
              "ticks": ""
             }
            },
            "type": "scatterpolar"
           }
          ],
          "scatterpolargl": [
           {
            "marker": {
             "colorbar": {
              "outlinewidth": 0,
              "ticks": ""
             }
            },
            "type": "scatterpolargl"
           }
          ],
          "scatterternary": [
           {
            "marker": {
             "colorbar": {
              "outlinewidth": 0,
              "ticks": ""
             }
            },
            "type": "scatterternary"
           }
          ],
          "surface": [
           {
            "colorbar": {
             "outlinewidth": 0,
             "ticks": ""
            },
            "colorscale": [
             [
              0,
              "#0d0887"
             ],
             [
              0.1111111111111111,
              "#46039f"
             ],
             [
              0.2222222222222222,
              "#7201a8"
             ],
             [
              0.3333333333333333,
              "#9c179e"
             ],
             [
              0.4444444444444444,
              "#bd3786"
             ],
             [
              0.5555555555555556,
              "#d8576b"
             ],
             [
              0.6666666666666666,
              "#ed7953"
             ],
             [
              0.7777777777777778,
              "#fb9f3a"
             ],
             [
              0.8888888888888888,
              "#fdca26"
             ],
             [
              1,
              "#f0f921"
             ]
            ],
            "type": "surface"
           }
          ],
          "table": [
           {
            "cells": {
             "fill": {
              "color": "#EBF0F8"
             },
             "line": {
              "color": "white"
             }
            },
            "header": {
             "fill": {
              "color": "#C8D4E3"
             },
             "line": {
              "color": "white"
             }
            },
            "type": "table"
           }
          ]
         },
         "layout": {
          "annotationdefaults": {
           "arrowcolor": "#2a3f5f",
           "arrowhead": 0,
           "arrowwidth": 1
          },
          "coloraxis": {
           "colorbar": {
            "outlinewidth": 0,
            "ticks": ""
           }
          },
          "colorscale": {
           "diverging": [
            [
             0,
             "#8e0152"
            ],
            [
             0.1,
             "#c51b7d"
            ],
            [
             0.2,
             "#de77ae"
            ],
            [
             0.3,
             "#f1b6da"
            ],
            [
             0.4,
             "#fde0ef"
            ],
            [
             0.5,
             "#f7f7f7"
            ],
            [
             0.6,
             "#e6f5d0"
            ],
            [
             0.7,
             "#b8e186"
            ],
            [
             0.8,
             "#7fbc41"
            ],
            [
             0.9,
             "#4d9221"
            ],
            [
             1,
             "#276419"
            ]
           ],
           "sequential": [
            [
             0,
             "#0d0887"
            ],
            [
             0.1111111111111111,
             "#46039f"
            ],
            [
             0.2222222222222222,
             "#7201a8"
            ],
            [
             0.3333333333333333,
             "#9c179e"
            ],
            [
             0.4444444444444444,
             "#bd3786"
            ],
            [
             0.5555555555555556,
             "#d8576b"
            ],
            [
             0.6666666666666666,
             "#ed7953"
            ],
            [
             0.7777777777777778,
             "#fb9f3a"
            ],
            [
             0.8888888888888888,
             "#fdca26"
            ],
            [
             1,
             "#f0f921"
            ]
           ],
           "sequentialminus": [
            [
             0,
             "#0d0887"
            ],
            [
             0.1111111111111111,
             "#46039f"
            ],
            [
             0.2222222222222222,
             "#7201a8"
            ],
            [
             0.3333333333333333,
             "#9c179e"
            ],
            [
             0.4444444444444444,
             "#bd3786"
            ],
            [
             0.5555555555555556,
             "#d8576b"
            ],
            [
             0.6666666666666666,
             "#ed7953"
            ],
            [
             0.7777777777777778,
             "#fb9f3a"
            ],
            [
             0.8888888888888888,
             "#fdca26"
            ],
            [
             1,
             "#f0f921"
            ]
           ]
          },
          "colorway": [
           "#636efa",
           "#EF553B",
           "#00cc96",
           "#ab63fa",
           "#FFA15A",
           "#19d3f3",
           "#FF6692",
           "#B6E880",
           "#FF97FF",
           "#FECB52"
          ],
          "font": {
           "color": "#2a3f5f"
          },
          "geo": {
           "bgcolor": "white",
           "lakecolor": "white",
           "landcolor": "#E5ECF6",
           "showlakes": true,
           "showland": true,
           "subunitcolor": "white"
          },
          "hoverlabel": {
           "align": "left"
          },
          "hovermode": "closest",
          "mapbox": {
           "style": "light"
          },
          "paper_bgcolor": "white",
          "plot_bgcolor": "#E5ECF6",
          "polar": {
           "angularaxis": {
            "gridcolor": "white",
            "linecolor": "white",
            "ticks": ""
           },
           "bgcolor": "#E5ECF6",
           "radialaxis": {
            "gridcolor": "white",
            "linecolor": "white",
            "ticks": ""
           }
          },
          "scene": {
           "xaxis": {
            "backgroundcolor": "#E5ECF6",
            "gridcolor": "white",
            "gridwidth": 2,
            "linecolor": "white",
            "showbackground": true,
            "ticks": "",
            "zerolinecolor": "white"
           },
           "yaxis": {
            "backgroundcolor": "#E5ECF6",
            "gridcolor": "white",
            "gridwidth": 2,
            "linecolor": "white",
            "showbackground": true,
            "ticks": "",
            "zerolinecolor": "white"
           },
           "zaxis": {
            "backgroundcolor": "#E5ECF6",
            "gridcolor": "white",
            "gridwidth": 2,
            "linecolor": "white",
            "showbackground": true,
            "ticks": "",
            "zerolinecolor": "white"
           }
          },
          "shapedefaults": {
           "line": {
            "color": "#2a3f5f"
           }
          },
          "ternary": {
           "aaxis": {
            "gridcolor": "white",
            "linecolor": "white",
            "ticks": ""
           },
           "baxis": {
            "gridcolor": "white",
            "linecolor": "white",
            "ticks": ""
           },
           "bgcolor": "#E5ECF6",
           "caxis": {
            "gridcolor": "white",
            "linecolor": "white",
            "ticks": ""
           }
          },
          "title": {
           "x": 0.05
          },
          "xaxis": {
           "automargin": true,
           "gridcolor": "white",
           "linecolor": "white",
           "ticks": "",
           "title": {
            "standoff": 15
           },
           "zerolinecolor": "white",
           "zerolinewidth": 2
          },
          "yaxis": {
           "automargin": true,
           "gridcolor": "white",
           "linecolor": "white",
           "ticks": "",
           "title": {
            "standoff": 15
           },
           "zerolinecolor": "white",
           "zerolinewidth": 2
          }
         }
        },
        "title": {
         "text": "Correlation Matrix: Wine Quality",
         "x": 0.5
        },
        "xaxis": {
         "constrain": "domain",
         "scaleanchor": "y"
        },
        "yaxis": {
         "autorange": "reversed",
         "constrain": "domain"
        }
       }
      },
      "text/html": [
